59862.834884 1.000000 17.740100 0.015100 2.000000
59862.855708 1.000000 17.761700 0.013100 2.000000
59862.886686 1.000000 17.840000 0.015800 2.000000
59862.946173 1.000000 17.910400 0.020500 2.000000
59862.979631 1.000000 17.899700 0.026300 2.000000
59863.015331 3.000000 17.935200 0.025800 2.000000
59863.386610 2.000000 18.438200 0.101800 2.000000
59863.876679 3.000000 18.742300 0.032800 2.000000
59863.952661 1.000000 18.840800 0.047300 2.000000
59863.970413 3.000000 18.724000 0.053900 2.000000
59864.015047 3.000000 18.747600 0.038100 2.000000
59864.084931 1.000000 18.923500 0.021800 2.000000
59864.164799 1.000000 18.974400 0.023900 2.000000
59864.202956 1.000000 18.993700 0.036700 2.000000
59865.040402 1.000000 19.343000 0.044600 2.000000
59865.109770 3.000000 19.421100 0.033700 2.000000
59865.200164 3.000000 19.452900 0.050700 2.000000
59865.418419 1.000000 19.544600 0.062700 2.000000
59866.022981 3.000000 19.233300 0.057400 2.000000
59866.131498 3.000000 19.799200 0.046700 2.000000
59866.210028 1.000000 19.827000 0.049300 2.000000
59866.413537 3.000000 19.750900 0.077400 2.000000
59866.765460 2.000000 20.126700 0.137900 2.000000
